[15209.496289] [project1] 3666 1588171475.419125674 1588171476.425117697
[15211.509543] [project1] 3667 1588171477.410037512 1588171478.438366176
[15213.514165] [project1] 3668 1588171479.440523814 1588171480.442996784
[15215.484355] [project1] 3669 1588171481.383291323 1588171482.413189603
[15217.474555] [project1] 3670 1588171483.421508307 1588171484.403391214
[15219.491548] [project1] 3671 1588171485.429873873 1588171486.420386041
[15221.618265] [project1] 3672 1588171487.498668036 1588171488.547092895
[15223.598684] [project1] 3673 1588171489.527329451 1588171490.527503704
[15225.594425] [project1] 3674 1588171491.546587674 1588171492.523244087
[15227.649234] [project1] 3675 1588171493.561994560 1588171494.578053188
